<svg xmlns="http://www.w3.org/2000/svg" width="196" height="196" viewBox="0 0 196 196" fill="none">
<rect width="196" height="196" fill="#FEFFFE"/>
<path d="M 97.18,5 C 57.89,5 26.61,37.22 26.61,76.84 C 26.61,89.75 30.04,101.88 36.19,112.29 L 40.09,107.38 C 34.86,98.46 32.11,88.31 32.11,76.84 C 32.11,40.36 61.18,9.77 97.18,9.77 C 133.18,9.77 162.25,40.36 162.25,76.84 C 162.25,91.94 157.07,105.73 148.71,117.53 L 138.91,118.54 L 134.41,126.47 L 138.91,125.91 C 128.18,137.12 113.49,146.69 96.72,146.69 C 84.81,146.69 73.64,143.71 63.34,138.19 C 77.38,128.45 82.61,110.89 82.61,110.89 C 82.61,110.89 77.97,126.15 90.12,129.93 C 102.26,133.71 113.11,130.49 119.04,128.37 C 124.97,126.25 132.29,123.73 142.91,113.72 C 150.53,106.48 153.09,100.18 154.38,93.11 C 157.19,93.11 161.99,93.67 161.99,89.52 C 161.99,86.19 158.47,85.56 154.82,85.56 C 152.7,77.01 148.33,72.71 143.28,70.11 C 150.09,65.72 156.66,57.79 156.66,48.22 C 156.66,37.91 149.84,30.49 138.41,30.49 C 128.36,30.49 121.17,34.88 112.11,40.53 C 113.72,36.22 115.09,34.1 113.48,30.17 C 112.23,27.41 108.83,23.81 106.43,23.81 C 104.03,23.81 102.89,25.43 99.24,26.7 C 93.31,28.82 86.21,29.93 79.26,33.25 C 71.02,37.14 64.33,42.87 64.33,50.56 C 64.33,56.61 69.26,60.31 72.91,60.31 C 75.96,60.31 77.44,57.87 77.44,56.09 C 77.44,54.47 76.22,53.76 76.22,52.89 C 76.22,50.77 82.15,46.91 93.31,44.23 C 88.63,53.72 84.39,65.84 78.71,83.91 C 69.15,87.31 50.91,95.24 39.84,108.07 L 36.02,113.6 C 32.96,118.23 32.2,122.98 32.2,129.61 C 32.2,134.16 34.71,138.93 38.11,139.09 C 40.23,140.12 42.1,141.23 45.28,141.23 C 56.44,141.23 67.99,130.85 76.14,115.71 L 78.79,110.81 C 75.97,117.11 71.33,126.86 63.17,137.41 C 73.48,143.58 84.91,146.69 96.72,146.69 C 135.75,146.69 168.69,114.63 168.69,76.84 C 168.69,37.22 137.41,5 98.12,5 H 97.18 Z" fill="url(#paint0_linear_101_155)"/>
<path d="M 32.09,72.16 C 32.09,72.16 39.73,75.18 46.91,75.18 L 47.81,75.83 L 63.12,76.72 L 67.12,74.68 L 71.91,70.01 C 74.91,66.48 79.17,64.09 84.85,64.09 H 162.71 C 163.26,67.11 163.61,68.91 163.76,72.08 L 158.69,73.03 L 153.79,75.91 H 147.21 L 143.12,73.03 L 138.06,73.75 L 127.21,74.16 L 112.72,73.67 L 96.72,72.71 L 79.42,73.67 L 68.91,76.11 L 64.41,77.65 L 51.91,77.17 L 47.27,75.62 L 41.81,74.08 L 32.09,71.2 V 72.16 Z" fill="url(#paint1_linear_101_155)"/>
<path d="M 37.83,46.38 C 39.87,45.77 43.82,45.01 45.72,46.05 L 47.09,48.02 L 47.31,55.44 H 34.11 C 35.01,52.08 36.32,49.28 37.83,46.38 Z" fill="url(#paint2_linear_101_155)"/>
<path d="M 45.28,32.17 L 49.11,30.78 H 55.51 C 56.97,30.78 57.44,31.42 57.36,32.77 C 57.28,33.62 58.26,33.78 59.08,33.78 H 68.91 L 71.06,35.9 L 67.91,37.26 H 56.12 L 50.36,36.14 L 46.53,34.52 L 45.28,32.17 Z" fill="url(#paint3_linear_101_155)"/>
<path d="M 54.86,24.67 L 62.41,20.12 L 68.41,18.63 L 71.91,17.91 L 75.26,18.63 L 76.72,19.35 L 77.19,21.06 L 79.94,21.22 L 81.26,20.74 L 83.76,21.91 L 89.12,22.07 L 94.91,23.25 L 94.19,24.67 H 54.86 Z" fill="url(#paint4_linear_101_155)"/>
<path d="M 113.91,26.95 L 116.06,26.22 L 118.81,26.62 L 121.17,25.74 L 121.91,23.62 C 122.72,22.27 124.11,21.71 125.81,21.71 C 128.11,21.71 129.01,22.67 130.11,23.62 L 133.06,22.27 L 145.76,31.26 L 139.91,29.42 H 123.01 L 120.11,28.18 L 116.06,28.66 L 113.91,26.95 Z" fill="url(#paint5_linear_101_155)"/>
<path d="M 153.61,57.14 L 156.76,54.27 L 158.56,43.95 L 162.71,58.56 L 153.61,57.14 Z" fill="url(#paint6_linear_101_155)"/>
<path d="M 144.91,123.44 L 130.41,123.04 L 129.71,123.36 L 129.01,123.61 L 119.71,133.55 L 130.11,133.23 L 135.41,130.73 L 144.91,123.44 Z" fill="url(#paint7_linear_101_155)"/>
<path d="M 72.41,129.13 L 82.61,125.35 L 85.01,125.67 L 86.61,127.79 L 72.41,129.13 Z" fill="url(#paint8_linear_101_155)"/>
<path d="M 89.12,135.26 L 102.12,135.9 L 115.11,138.41 C 109.06,140.91 104.11,141.15 97.12,140.75 C 87.12,140.19 81.46,139.09 71.06,135.26 H 89.12 Z" fill="url(#paint9_linear_101_155)"/>
<path d="M 33.81,86.43 L 69.21,86.67 V 87.15 L 34.11,87.39 L 33.81,86.43 Z" fill="#F6B58A"/>
<path d="M 45.81,91.71 L 64.01,91.87 V 92.43 L 46.01,92.67 L 45.81,91.71 Z" fill="#F6B58A"/>
<path d="M 51.01,101.74 L 67.21,101.9 V 102.46 L 51.21,102.7 L 51.01,101.74 Z" fill="#F6B58A"/>
<path d="M 49.41,111.15 L 65.61,111.31 V 111.87 L 49.61,112.11 L 49.41,111.15 Z" fill="#F6B58A"/>
<path d="M 74.41,78.09 L 73.16,78.66 L 71.01,79.22 L 69.91,79.78 L 70.31,78.09 L 69.51,77.37 L 60.81,59.08 V 52.41 L 59.71,52.25 V 56.63 L 44.41,31.26 L 45.61,34.44 C 47.01,38.14 46.91,44.19 46.91,47.43 C 46.91,56.75 44.31,66.32 39.71,73.47 L 38.41,73.63 L 38.61,74.12 L 40.91,73.95 L 44.81,74.76 L 43.21,78.74 L 36.81,81.1 L 37.41,81.91 L 38.01,82.63 L 36.21,84.51 L 68.71,83.95 L 74.41,78.82 V 78.09 Z M 66.11,79.22 L 61.21,79.7 L 60.71,77.21 L 66.01,78.74 L 66.11,79.22 Z M 59.61,76.97 L 58.71,80.15 L 53.31,80.31 L 52.91,78.18 L 51.71,77.86 L 50.71,80.74 L 48.91,80.66 L 48.21,78.26 L 46.91,77.86 L 45.61,79.78 L 45.31,78.18 L 44.21,77.78 L 43.71,79.9 L 43.01,80.15 L 42.61,78.09 L 45.31,74.6 L 59.61,76.97 Z M 66.51,77.45 L 59.81,75.17 L 40.81,72.87 L 44.61,72.15 L 47.21,68.61 L 50.41,60.44 L 51.21,52.25 L 68.91,75.91 L 66.51,77.45 Z" fill="#351A3D"/>
<path d="M 135.21,70.49 C 144.11,65.48 154.81,56.23 154.81,46.06 C 154.81,37.97 148.71,32.17 138.51,32.17 C 126.21,32.17 115.01,40.18 110.21,45.01 C 107.11,48.22 105.11,51.77 105.11,55.76 C 105.11,57.22 105.61,58.76 106.71,58.76 C 107.71,58.76 107.91,56.23 110.11,53.28 C 115.11,46.79 126.21,39.61 137.81,39.61 C 143.91,39.61 146.71,41.66 146.71,45.01 C 146.71,51.93 133.91,65.08 117.31,69.92 C 120.11,63.66 124.71,56.15 127.61,53.05 C 128.71,51.85 127.81,49.73 126.41,49.73 C 126.11,48.19 125.01,47.87 123.91,47.87 C 121.81,47.87 120.11,49.73 115.81,56.23 C 109.11,66.47 102.21,79.3 97.61,98.74 C 89.11,102.78 85.11,110.28 85.11,115.71 C 85.11,122.05 91.31,128.73 103.41,128.73 C 121.31,128.73 152.91,111.63 154.31,92.51 C 157.01,92.43 160.11,92.75 160.11,90.17 C 160.11,88.23 156.91,87.67 153.01,87.67 C 151.31,78.02 144.81,72.16 135.21,70.49 Z M 113.81,79.06 C 114.81,79.86 115.81,80.26 117.01,79.7 C 121.21,77.73 125.21,76.69 130.11,76.69 C 138.71,76.69 144.31,80.66 144.31,87.15 V 88.03 C 132.61,89.16 120.21,91.67 106.51,95.8 C 108.71,88.87 111.01,83.63 113.81,79.06 Z M 100.31,94.76 C 103.81,83.23 109.01,72.08 114.71,63.66 C 110.11,71.52 103.91,83.71 100.31,94.76 Z M 117.31,115.71 C 110.01,119.51 103.61,120.86 99.01,120.86 C 93.11,120.86 90.81,118.58 90.81,115.23 C 90.81,112.47 92.31,109.72 95.61,107.36 C 95.41,110.12 96.11,112.72 97.91,113.84 C 98.31,113.84 98.61,113.52 98.81,113.04 C 99.31,113.76 99.81,114.24 100.41,114.24 C 101.31,114.24 102.11,111.15 103.11,103.81 C 109.01,100.03 117.01,96.93 125.71,94.4 L 125.41,93.92 C 118.41,95.72 112.01,98.02 106.11,100.71 C 114.01,95.72 127.21,91.75 143.91,89.72 C 142.01,97.94 132.71,107.81 117.31,115.71 Z M 145.61,105.17 C 139.01,113.92 127.61,121.18 113.21,124.06 C 123.81,120.78 135.61,113.36 145.61,105.17 Z M 150.91,90.01 C 151.11,91.71 150.71,93.51 149.71,95.64 C 150.41,93.51 150.71,91.63 150.91,90.01 Z M 150.91,38.17 C 153.91,41.78 154.31,45.46 153.41,49.16 C 151.71,56.41 144.71,63.34 137.81,67.48 C 145.91,60.91 152.31,54.23 153.11,47.95 C 153.71,43.73 152.41,40.25 150.91,38.17 Z M 133.81,35.05 C 124.01,36.93 113.71,43.07 108.71,48.23 C 113.41,41.18 124.31,35.05 133.81,35.05 Z" fill="#3F1B3D"/>
<path d="M 106.81,26.7 C 104.71,26.7 105.11,28.26 97.11,30.61 C 89.11,32.97 85.11,33.61 79.11,36.47 C 72.31,39.77 67.61,44.15 67.61,50.21 C 67.61,54.51 70.91,57.31 73.11,57.31 C 74.41,57.31 75.01,56.44 75.01,55.64 C 75.01,54.67 73.61,53.95 73.61,52.53 C 73.61,48.68 82.11,43.67 97.01,40.13 C 90.41,50.93 85.71,65.06 78.61,85.19 C 63.01,90.78 34.81,105.77 34.81,128.61 C 34.81,133.15 36.71,136.26 40.41,136.26 C 52.11,136.26 64.71,123.98 77.11,91.18 C 60.31,98.18 39.01,113.08 39.01,129.13 C 39.01,133.43 40.61,135.46 43.21,135.46 C 52.71,135.46 63.91,122.63 74.21,100.23 L 73.31,104.97 C 66.21,119.02 57.81,132.99 49.21,137.65 C 62.81,134.62 74.11,117.27 89.91,86.15 C 94.61,84.35 98.71,83.07 103.21,82.11 L 102.81,80.06 C 98.91,80.46 96.11,80.94 92.01,81.83 C 97.01,67.09 103.41,50.41 110.61,34.6 C 112.21,30.98 108.91,26.7 106.81,26.7 Z M 98.71,36.39 C 91.71,38.75 82.01,40.94 76.51,44.81 C 79.41,40.33 89.11,38.11 98.71,36.39 Z" fill="#4A2149"/>
<path d="M 46.11,153.71 C 40.96,159.71 37.71,165.07 33.11,170.07 C 30.11,169.04 22.41,166.76 20.61,171.06 C 20.11,172.34 20.21,173.15 20.41,172.91 C 22.61,170.86 27.11,170.31 30.71,170.71 C 25.11,177.05 19.31,181.96 14.91,180.01 C 13.11,179.21 13.41,182.89 17.21,184.09 C 22.11,185.64 30.61,176.15 33.91,171.42 C 35.81,171.74 37.41,172.14 38.71,172.38 C 37.41,177.21 36.51,182.21 38.81,182.93 C 40.01,183.33 41.91,183.01 41.81,182.53 C 40.71,179.85 41.21,176.31 42.61,172.34 C 43.71,172.42 44.91,172.34 45.31,171.46 C 45.81,170.27 45.21,169.79 44.91,169.95 C 44.31,170.35 43.71,170.67 43.11,170.75 C 45.21,164.91 48.11,157.98 48.51,156.94 C 49.31,155.24 48.81,154.76 47.61,154.19 C 47.01,153.87 46.51,153.55 46.11,153.71 Z M 43.71,157.14 C 41.31,161.71 39.11,166.45 37.51,170.39 C 36.31,170.15 35.01,169.83 33.91,169.51 C 37.31,165.55 40.31,161.11 43.71,157.14 Z" fill="#2E1939"/>
<path d="M 48.71,166.68 C 46.01,172.54 44.11,178.96 45.21,180.17 C 45.81,180.81 47.61,180.81 47.71,180.25 C 48.91,174.75 54.21,168.15 56.11,168.15 C 57.71,168.15 53.11,175.07 53.11,177.53 C 53.11,179.41 54.21,180.45 55.91,180.45 C 59.11,180.45 60.91,176.15 62.71,172.38 C 63.01,171.66 62.41,170.71 62.01,171.5 C 59.71,176.07 58.21,178.13 57.11,178.13 C 55.31,178.13 60.61,169.63 60.61,168.07 C 60.61,166.72 59.41,165.92 58.21,165.92 C 55.71,165.92 52.71,170.07 51.01,173.31 C 52.01,170.43 52.91,168.23 52.91,167.91 C 52.91,166.96 50.11,166.08 48.71,166.68 Z" fill="#2E1939"/>
<path d="M 70.81,165.35 C 65.01,165.35 61.71,173.63 61.71,177.05 C 61.71,179.17 62.61,180.37 64.41,180.37 C 66.81,180.37 68.71,177.77 69.91,175.19 C 69.41,177.65 69.71,180.25 72.01,180.25 C 75.01,180.25 76.91,175.71 78.71,172.18 C 79.11,171.38 78.31,170.51 77.91,171.38 C 75.81,175.67 74.21,178.05 73.11,178.05 C 71.61,178.05 75.21,169.63 75.91,168.07 C 76.31,167.2 74.21,165.76 73.41,166.48 L 72.51,167.99 C 72.11,166.44 71.21,165.35 70.81,165.35 Z M 70.21,167.32 C 71.21,167.32 71.61,168.35 71.51,169.71 C 70.01,173.31 67.41,178.37 65.61,178.37 C 63.31,178.37 66.71,167.32 70.21,167.32 Z" fill="#2E1939"/>
<path d="M 93.71,153.71 C 87.41,153.71 82.21,162.63 82.21,165.8 C 82.21,168.27 83.91,169.15 85.21,169.55 C 86.11,169.87 86.41,169.39 85.81,168.75 C 84.01,166.62 88.81,155.64 93.81,155.64 C 97.01,155.64 94.31,164.91 90.01,173.23 C 81.21,175.27 73.61,179.33 73.61,186.12 C 73.61,189.14 75.81,190.58 78.21,190.58 C 83.91,190.58 89.71,182.16 92.71,174.67 C 93.81,174.43 94.91,174.27 95.91,174.11 C 96.61,173.95 96.51,172.66 95.61,172.74 C 94.81,172.82 94.01,172.99 93.21,173.15 C 96.71,164.55 97.91,158.22 96.71,155.76 C 96.01,154.31 95.21,153.71 93.71,153.71 Z M 88.91,175.51 C 85.21,183.53 81.11,188.66 77.91,188.66 C 76.31,188.66 75.71,187.53 75.71,186.24 C 75.71,182.16 80.81,177.85 88.91,175.51 Z" fill="#2E1939"/>
<path d="M 100.11,165.72 C 97.81,167.28 96.01,175.07 96.01,176.93 C 96.01,178.69 96.81,179.97 98.51,179.97 C 100.61,179.97 102.61,177.01 103.71,174.87 C 103.11,177.45 103.71,179.81 105.91,179.81 C 108.91,179.81 110.91,175.23 112.71,171.7 C 113.11,170.91 112.31,170.03 111.91,170.83 C 109.61,175.47 108.01,177.85 106.91,177.85 C 105.41,177.85 108.71,169.67 110.01,167.2 C 110.61,166.08 107.41,165.28 107.01,166.08 C 106.01,167.95 101.71,177.93 99.71,177.93 C 98.11,177.93 101.81,169.23 102.81,167.36 C 103.31,166.32 101.01,165.28 100.11,165.72 Z" fill="#2E1939"/>
<path d="M 114.51,166.28 C 111.81,172.14 109.91,178.57 111.01,179.77 C 111.61,180.41 113.41,180.41 113.51,179.85 C 114.71,174.35 120.01,167.75 121.91,167.75 C 123.51,167.75 118.91,174.67 118.91,177.13 C 118.91,179.01 120.01,180.05 121.71,180.05 C 124.91,180.05 126.71,175.75 128.51,171.98 C 128.81,171.26 128.21,170.31 127.81,171.1 C 125.51,175.67 124.01,177.73 122.91,177.73 C 121.11,177.73 126.41,169.23 126.41,167.67 C 126.41,166.32 125.21,165.52 124.01,165.52 C 121.51,165.52 118.51,169.67 116.81,172.91 C 117.81,170.03 118.71,167.83 118.71,167.51 C 118.71,166.56 115.91,165.68 114.51,166.28 Z" fill="#2E1939"/>
<path d="M 131.31,165.72 C 129.01,167.28 127.21,175.07 127.21,176.93 C 127.21,178.69 128.01,179.97 129.71,179.97 C 131.81,179.97 133.81,177.01 134.91,174.87 C 134.31,177.45 134.91,179.81 137.11,179.81 C 140.11,179.81 142.11,175.23 143.91,171.7 C 144.31,170.91 143.51,170.03 143.11,170.83 C 140.81,175.47 139.21,177.85 138.11,177.85 C 136.61,177.85 139.91,169.67 141.21,167.2 C 141.81,166.08 138.61,165.28 138.21,166.08 C 137.21,167.95 132.91,177.93 130.91,177.93 C 129.31,177.93 133.01,169.23 134.01,167.36 C 134.51,166.32 132.21,165.28 131.31,165.72 Z" fill="#2E1939"/>
<path d="M 150.81,155.6 C 147.01,159.02 141.01,173.95 141.61,178.41 C 141.81,179.77 143.71,180.41 144.11,179.61 L 144.71,178.13 C 145.71,179.25 146.91,179.69 147.91,179.53 C 150.71,179.05 152.81,175.83 153.91,172.74 C 155.41,172.26 156.91,171.62 158.21,170.75 C 158.81,170.35 158.71,168.83 157.91,169.31 C 156.81,170.03 155.51,170.67 154.41,171.1 C 154.81,169.47 154.91,167.91 154.71,166.72 C 154.31,164.91 153.11,165.07 151.91,164.75 C 150.01,164.27 147.91,166.84 146.81,169.07 C 148.81,163.95 151.11,158.82 152.91,156.54 C 153.61,155.68 151.61,154.96 150.81,155.6 Z M 151.11,167.04 C 152.41,167.36 151.41,172.18 149.31,175.43 C 147.71,176.07 146.21,176.31 145.51,176.07 C 146.71,172.54 149.31,166.56 151.11,167.04 Z" fill="#2E1939"/>
<path d="M 163.41,159.02 C 161.61,159.83 161.71,163.79 163.71,163.79 C 165.71,163.79 166.81,160.55 165.51,159.18 C 165.01,158.62 164.01,158.62 163.41,159.02 Z M 160.71,165.6 C 158.91,166.48 156.31,174.75 156.31,177.21 C 156.31,178.97 157.41,179.93 158.81,179.93 C 161.81,179.93 163.81,175.35 165.61,171.82 C 166.01,171.02 165.21,170.15 164.81,170.95 C 162.51,175.59 160.91,177.65 159.81,177.65 C 158.31,177.65 161.71,169.59 162.81,167.47 C 163.31,166.44 161.81,165.16 160.71,165.6 Z" fill="#2E1939"/>
<path d="M 168.31,166.28 C 165.61,172.14 164.21,177.85 165.31,179.05 C 165.91,179.69 167.21,179.81 167.31,179.25 C 168.51,173.75 173.31,167.75 174.81,167.75 C 176.01,167.75 171.51,174.67 171.51,177.13 C 171.51,179.01 172.61,180.05 173.91,180.05 C 176.71,180.05 178.71,175.75 180.81,171.98 C 181.21,171.26 180.61,170.31 180.21,171.1 C 177.61,175.67 176.21,177.73 175.31,177.73 C 173.91,177.73 178.31,169.23 178.31,167.67 C 178.31,166.32 177.21,165.52 176.21,165.52 C 173.91,165.52 171.11,168.95 169.41,172.18 C 170.21,169.83 170.71,168.27 170.71,167.51 C 170.71,166.56 169.11,165.68 168.31,166.28 Z" fill="#2E1939"/>
<defs>
<linearGradient id="paint0_linear_101_155" x1="97.6471" y1="5" x2="97.6471" y2="146.686" gradientUnits="userSpaceOnUse">
<stop stop-color="#7A2336"/>
<stop offset="0.510417" stop-color="#863A63"/>
<stop offset="1" stop-color="#311944"/>
</linearGradient>
<linearGradient id="paint1_linear_101_155" x1="97.9291" y1="61.2161" x2="97.9291" y2="77.6509" gradientUnits="userSpaceOnUse">
<stop stop-color="#F9EA71"/>
<stop offset="1" stop-color="#C65454"/>
</linearGradient>
<linearGradient id="paint2_linear_101_155" x1="40.7001" y1="45.0107" x2="40.7001" y2="55.4369" gradientUnits="userSpaceOnUse">
<stop stop-color="#8F3659"/>
<stop offset="1" stop-color="#B64758"/>
</linearGradient>
<linearGradient id="paint3_linear_101_155" x1="58.2947" y1="30.7764" x2="58.2947" y2="37.2559" gradientUnits="userSpaceOnUse">
<stop stop-color="#973A58"/>
<stop offset="1" stop-color="#B64758"/>
</linearGradient>
<linearGradient id="paint4_linear_101_155" x1="74.8838" y1="17.9102" x2="74.8838" y2="24.6662" gradientUnits="userSpaceOnUse">
<stop stop-color="#973A58"/>
<stop offset="1" stop-color="#B64758"/>
</linearGradient>
<linearGradient id="paint5_linear_101_155" x1="129.335" y1="21.7061" x2="129.335" y2="29.4159" gradientUnits="userSpaceOnUse">
<stop stop-color="#973A58"/>
<stop offset="1" stop-color="#B64758"/>
</linearGradient>
<linearGradient id="paint6_linear_101_155" x1="157.687" y1="43.9531" x2="157.687" y2="58.5557" gradientUnits="userSpaceOnUse">
<stop stop-color="#8F3659"/>
<stop offset="1" stop-color="#B64758"/>
</linearGradient>
<linearGradient id="paint7_linear_101_155" x1="136.96" y1="122.68" x2="136.96" y2="133.546" gradientUnits="userSpaceOnUse">
<stop stop-color="#311944"/>
<stop offset="1" stop-color="#4A2149"/>
</linearGradient>
<linearGradient id="paint8_linear_101_155" x1="79.5107" y1="125.348" x2="79.5107" y2="127.792" gradientUnits="userSpaceOnUse">
<stop stop-color="#311944"/>
<stop offset="1" stop-color="#4A2149"/>
</linearGradient>
<linearGradient id="paint9_linear_101_155" x1="98.0858" y1="135.256" x2="98.0858" y2="141.063" gradientUnits="userSpaceOnUse">
<stop stop-color="#311944"/>
<stop offset="1" stop-color="#4A2149"/>
</linearGradient>
</defs>
</svg> 