Supplemental results for CODEML (seqf: /Users/makuachtenygatluak/Documents/Research/data/processed/paml_input/mroh6_codon.phy  treef: /Users/makuachtenygatluak/Documents/Research/data/processed/paml_input/mroh6_nj.tree)


MLEs of dN/dS (w) for site classes (K=5)

p:   0.12176  0.12176  0.12176  0.12176  0.51298
w:   0.11679  0.49583  0.82226  0.98403  3.23953

Naive Empirical Bayes (NEB) probabilities for 5 classes & postmean_w & P(w>1)
(amino acids refer to 1st sequence: gu_17_chr7_28831543_28836290)

   1 A   0.69263 0.19681 0.06884 0.04139 0.00032 ( 1)  0.277  0.000
   2 G   0.71429 0.18833 0.06152 0.03570 0.00016 ( 1)  0.263  0.000
   3 N   0.61487 0.22584 0.09577 0.06271 0.00081 ( 1)  0.327  0.001
   4 G   0.00007 0.06497 0.28142 0.38874 0.26480 ( 4)  1.504  0.265
   5 A   0.00000 0.00006 0.00274 0.00888 0.98832 ( 5)  3.213  0.988
   6 L   0.00000 0.00001 0.00023 0.00067 0.99910 ( 5)  3.237  0.999
   7 G   0.00137 0.13924 0.35195 0.41374 0.09370 ( 4)  1.069  0.094
   8 D   0.74884 0.20309 0.03437 0.01370 0.00000 ( 1)  0.230  0.000
   9 A   0.30816 0.35393 0.19675 0.13856 0.00260 ( 2)  0.518  0.003
  10 V   0.00000 0.00012 0.00204 0.00509 0.99276 ( 5)  3.223  0.993
  11 P   0.00000 0.00664 0.05027 0.09015 0.85293 ( 5)  2.896  0.853
  12 R   0.00000 0.00000 0.00000 0.00002 0.99998 ( 5)  3.239  1.000
  13 A   0.00000 0.00000 0.00000 0.00002 0.99998 ( 5)  3.239  1.000
  14 I   0.00000 0.00000 0.00029 0.00127 0.99844 ( 5)  3.236  0.998
  15 C   0.00000 0.00000 0.00038 0.00156 0.99805 ( 5)  3.235  0.998
  16 G   0.00000 0.00060 0.01309 0.03234 0.95397 ( 5)  3.133  0.954
  17 F   0.01464 0.26694 0.36010 0.33951 0.01881 ( 3)  0.825  0.019
  18 P   0.00000 0.00143 0.01494 0.03081 0.95282 ( 5)  3.130  0.953
  19 Q   0.00000 0.00000 0.00014 0.00045 0.99941 ( 5)  3.238  0.999
  20 S   0.04672 0.41027 0.31354 0.22804 0.00143 ( 2)  0.696  0.001
  21 L   0.00000 0.00425 0.07071 0.15300 0.77204 ( 5)  2.712  0.772
  22 C   0.17812 0.44491 0.23062 0.14617 0.00019 ( 2)  0.575  0.000
  23 G   0.00000 0.00013 0.00275 0.00716 0.98996 ( 5)  3.216  0.990
  24 S   0.60681 0.28379 0.07366 0.03574 0.00001 ( 1)  0.307  0.000
  25 A   0.67003 0.24636 0.05680 0.02679 0.00001 ( 1)  0.274  0.000
  26 L   0.03414 0.37619 0.33282 0.25569 0.00117 ( 2)  0.720  0.001
  27 P   0.66218 0.20921 0.07904 0.04912 0.00045 ( 1)  0.296  0.000
  28 S   0.00001 0.03504 0.25377 0.41448 0.29669 ( 4)  1.595  0.297
  29 L   0.00000 0.00000 0.00005 0.00029 0.99966 ( 5)  3.239  1.000
  30 H   0.00007 0.06472 0.30122 0.42661 0.20740 ( 4)  1.371  0.207
  31 Q   0.03336 0.24723 0.31814 0.31333 0.08795 ( 3)  0.981  0.088
  32 Y   0.00941 0.21406 0.34845 0.36022 0.06787 ( 4)  0.968  0.068
  33 R   0.00000 0.00000 0.00001 0.00007 0.99991 ( 5)  3.239  1.000
  34 A   0.00000 0.00313 0.02671 0.05072 0.91943 ( 5)  3.052  0.919
  35 G   0.00000 0.00102 0.02633 0.06608 0.90657 ( 5)  3.024  0.907
  36 I   0.00000 0.00002 0.00062 0.00191 0.99745 ( 5)  3.234  0.997
  37 R   0.00590 0.16443 0.31605 0.35372 0.15990 ( 4)  1.208  0.160
  38 G   0.00000 0.00075 0.01007 0.02227 0.96691 ( 5)  3.163  0.967

Positively selected sites

	Prob(w>1)  mean w

     5 A      0.988*        3.213
     6 L      0.999**       3.237
    10 V      0.993**       3.223
    11 P      0.853         2.896
    12 R      1.000**       3.239
    13 A      1.000**       3.239
    14 I      0.998**       3.236
    15 C      0.998**       3.235
    16 G      0.954*        3.133
    18 P      0.953*        3.130
    19 Q      0.999**       3.238
    21 L      0.772         2.712
    23 G      0.990*        3.216
    29 L      1.000**       3.239
    33 R      1.000**       3.239
    34 A      0.919         3.052
    35 G      0.907         3.024
    36 I      0.997**       3.234
    38 G      0.967*        3.163


lnL = -1345.298018

Bayes Empirical Bayes (BEB) probabilities for 11 classes (class) & postmean_w
(amino acids refer to 1st sequence: gu_17_chr7_28831543_28836290)

   1 A   0.29010 0.17882 0.13832 0.10606 0.08052 0.06072 0.04569 0.03462 0.02715 0.03739 0.00062 ( 1)  0.299 +-  0.262
   2 G   0.30156 0.18394 0.13992 0.10539 0.07853 0.05809 0.04287 0.03184 0.02447 0.03304 0.00034 ( 1)  0.287 +-  0.253
   3 N   0.25051 0.16117 0.13251 0.10807 0.08716 0.06970 0.05550 0.04438 0.03662 0.05290 0.00149 ( 1)  0.340 +-  0.288
   4 G   0.00000 0.00012 0.00159 0.00749 0.02105 0.04347 0.07313 0.10669 0.14241 0.27145 0.33260 (11)  1.577 +-  1.125
   5 A   0.00000 0.00000 0.00000 0.00000 0.00001 0.00006 0.00021 0.00064 0.00164 0.00625 0.99119 (11)  3.307 +-  0.450
   6 L   0.00000 0.00000 0.00000 0.00000 0.00000 0.00001 0.00002 0.00005 0.00011 0.00036 0.99945 (11)  3.328 +-  0.394
   7 G   0.00003 0.00141 0.00829 0.02396 0.04832 0.07821 0.10913 0.13720 0.16222 0.28242 0.14881 (10)  1.087 +-  0.798
   8 D   0.19858 0.22852 0.19529 0.14061 0.09280 0.05826 0.03556 0.02152 0.01339 0.01548 0.00000 ( 2)  0.281 +-  0.208
   9 A   0.06834 0.10285 0.12441 0.12765 0.12010 0.10717 0.09253 0.07866 0.06807 0.10551 0.00470 ( 4)  0.498 +-  0.315
  10 V   0.00000 0.00000 0.00000 0.00001 0.00002 0.00008 0.00022 0.00049 0.00101 0.00317 0.99500 (11)  3.317 +-  0.426
  11 P   0.00000 0.00001 0.00009 0.00053 0.00180 0.00452 0.00922 0.01635 0.02677 0.06781 0.87292 (11)  2.998 +-  0.900
  12 R   0.00000 0.00000 0.00000 0.00000 0.00000 0.00000 0.00000 0.00000 0.00000 0.00001 0.99999 (11)  3.329 +-  0.390
  13 A   0.00000 0.00000 0.00000 0.00000 0.00000 0.00000 0.00000 0.00000 0.00000 0.00001 0.99999 (11)  3.329 +-  0.390
  14 I   0.00000 0.00000 0.00000 0.00000 0.00000 0.00000 0.00001 0.00005 0.00017 0.00078 0.99897 (11)  3.327 +-  0.397
  15 C   0.00000 0.00000 0.00000 0.00000 0.00000 0.00000 0.00002 0.00007 0.00021 0.00092 0.99877 (11)  3.326 +-  0.399
  16 G   0.00000 0.00000 0.00000 0.00002 0.00013 0.00051 0.00149 0.00356 0.00747 0.02378 0.96304 (11)  3.234 +-  0.600
  17 F   0.00078 0.01017 0.03247 0.06208 0.09166 0.11570 0.13153 0.13935 0.14302 0.23202 0.04124 (10)  0.781 +-  0.462
  18 P   0.00000 0.00000 0.00001 0.00009 0.00035 0.00098 0.00222 0.00435 0.00784 0.02223 0.96192 (11)  3.231 +-  0.608
  19 Q   0.00000 0.00000 0.00000 0.00000 0.00000 0.00000 0.00001 0.00003 0.00007 0.00024 0.99965 (11)  3.328 +-  0.393
  20 S   0.00260 0.02600 0.06778 0.10685 0.13113 0.13864 0.13312 0.12031 0.10686 0.16252 0.00418 (10)  0.627 +-  0.266
  21 L   0.00000 0.00000 0.00002 0.00019 0.00109 0.00399 0.01070 0.02327 0.04422 0.12179 0.79472 (11)  2.794 +-  1.042
  22 C   0.01996 0.07033 0.11706 0.13969 0.14078 0.12816 0.10930 0.08974 0.07383 0.11038 0.00075 ( 5)  0.531 +-  0.256
  23 G   0.00000 0.00000 0.00000 0.00000 0.00003 0.00010 0.00028 0.00066 0.00141 0.00460 0.99293 (11)  3.311 +-  0.439
  24 S   0.14525 0.18376 0.17916 0.14745 0.11113 0.07947 0.05508 0.03771 0.02645 0.03449 0.00003 ( 2)  0.344 +-  0.238
  25 A   0.16903 0.20276 0.18530 0.14368 0.10270 0.07015 0.04679 0.03106 0.02128 0.02720 0.00005 ( 2)  0.318 +-  0.229
  26 L   0.00189 0.02037 0.05657 0.09458 0.12255 0.13614 0.13667 0.12841 0.11777 0.18044 0.00461 (10)  0.649 +-  0.264
  27 P   0.27379 0.17185 0.13636 0.10726 0.08348 0.06447 0.04963 0.03842 0.03074 0.04315 0.00085 ( 1)  0.315 +-  0.272
  28 S   0.00000 0.00002 0.00045 0.00305 0.01121 0.02855 0.05702 0.09587 0.14385 0.29676 0.36322 (11)  1.661 +-  1.131
  29 L   0.00000 0.00000 0.00000 0.00000 0.00000 0.00000 0.00000 0.00001 0.00003 0.00016 0.99980 (11)  3.329 +-  0.391
  30 H   0.00000 0.00011 0.00153 0.00742 0.02145 0.04538 0.07798 0.11576 0.15648 0.29747 0.27641 (10)  1.430 +-  1.035
  31 Q   0.00349 0.01788 0.04000 0.06354 0.08469 0.10138 0.11292 0.12001 0.12589 0.21350 0.11669 (10)  0.947 +-  0.780
  32 Y   0.00048 0.00678 0.02316 0.04715 0.07401 0.09915 0.11950 0.13403 0.14532 0.24488 0.10555 (10)  0.950 +-  0.710
  33 R   0.00000 0.00000 0.00000 0.00000 0.00000 0.00000 0.00000 0.00000 0.00001 0.00004 0.99995 (11)  3.329 +-  0.390
  34 A   0.00000 0.00000 0.00004 0.00023 0.00081 0.00210 0.00445 0.00821 0.01398 0.03733 0.93285 (11)  3.155 +-  0.724
  35 G   0.00000 0.00000 0.00000 0.00003 0.00023 0.00099 0.00308 0.00764 0.01632 0.05178 0.91993 (11)  3.121 +-  0.760
  36 I   0.00000 0.00000 0.00000 0.00000 0.00000 0.00002 0.00005 0.00013 0.00032 0.00112 0.99836 (11)  3.325 +-  0.402
  37 R   0.00028 0.00437 0.01587 0.03427 0.05691 0.08055 0.10241 0.12103 0.13805 0.24255 0.20371 (10)  1.207 +-  0.962
  38 G   0.00000 0.00000 0.00000 0.00004 0.00017 0.00054 0.00133 0.00279 0.00529 0.01570 0.97414 (11)  3.263 +-  0.548

Positively selected sites

	Prob(w>1)  mean w

     5 A      0.991**       3.307 +- 0.450
     6 L      0.999**       3.328 +- 0.394
    10 V      0.995**       3.317 +- 0.426
    11 P      0.873         2.998 +- 0.900
    12 R      1.000**       3.329 +- 0.390
    13 A      1.000**       3.329 +- 0.390
    14 I      0.999**       3.327 +- 0.397
    15 C      0.999**       3.326 +- 0.399
    16 G      0.963*        3.234 +- 0.600
    18 P      0.962*        3.231 +- 0.608
    19 Q      1.000**       3.328 +- 0.393
    21 L      0.795         2.794 +- 1.042
    23 G      0.993**       3.311 +- 0.439
    29 L      1.000**       3.329 +- 0.391
    33 R      1.000**       3.329 +- 0.390
    34 A      0.933         3.155 +- 0.724
    35 G      0.920         3.121 +- 0.760
    36 I      0.998**       3.325 +- 0.402
    38 G      0.974*        3.263 +- 0.548
