Supplemental results for CODEML (seqf: /Users/makuachtenygatluak/Documents/Research/data/processed/melospiza_georgiana/paml_input/mroh6_melospiza_georgiana_codon.phy  treef: /Users/makuachtenygatluak/Documents/Research/data/processed/melospiza_georgiana/paml_input/mroh6_melospiza_georgiana_nj.tree)


MLEs of dN/dS (w) for site classes (K=5)

p:   0.18202  0.18202  0.18202  0.18202  0.27191
w:   0.00000  1.00000  1.00000  1.00000  5.11997

Naive Empirical Bayes (NEB) probabilities for 5 classes & postmean_w & P(w>1)
(amino acids refer to 1st sequence: gu_0_chr7_893669_897617)

   1 P   0.00000 0.03354 0.03354 0.03354 0.89937 ( 5)  4.705  0.899
   2 T   0.00000 0.30414 0.30414 0.30414 0.08757 ( 3)  1.361  0.088
   3 G   0.87948 0.04016 0.04016 0.04016 0.00003 ( 1)  0.121  0.000
   4 P   0.91219 0.02924 0.02924 0.02924 0.00010 ( 1)  0.088  0.000
   5 C   0.00000 0.30882 0.30882 0.30882 0.07355 ( 3)  1.303  0.074
   6 A   0.90219 0.03257 0.03257 0.03257 0.00010 ( 1)  0.098  0.000
   7 A   0.00000 0.32881 0.32881 0.32881 0.01357 ( 2)  1.056  0.014
   8 A   0.00000 0.31010 0.31010 0.31010 0.06969 ( 3)  1.287  0.070
   9 L   0.62898 0.12341 0.12341 0.12341 0.00079 ( 1)  0.374  0.001
  10 D   0.00000 0.27646 0.27646 0.27646 0.17062 ( 3)  1.703  0.171
  11 P   0.00000 0.14073 0.14073 0.14073 0.57782 ( 5)  3.381  0.578
  12 L   0.96925 0.01025 0.01025 0.01025 0.00000 ( 1)  0.031  0.000
  13 P   0.00000 0.00802 0.00802 0.00802 0.97593 ( 5)  5.021  0.976
  14 R   0.00000 0.31292 0.31292 0.31292 0.06125 ( 3)  1.252  0.061
  15 G   0.00000 0.33201 0.33201 0.33201 0.00397 ( 2)  1.016  0.004
  16 D   0.00000 0.32729 0.32729 0.32729 0.01814 ( 3)  1.075  0.018
  17 A   0.00000 0.08059 0.08059 0.08059 0.75823 ( 5)  4.124  0.758
  18 S   0.00000 0.28387 0.28387 0.28387 0.14838 ( 3)  1.611  0.148
  19 N   0.00000 0.33182 0.33182 0.33182 0.00454 ( 3)  1.019  0.005
  20 W   0.00000 0.01343 0.01343 0.01343 0.95970 ( 5)  4.954  0.960
  21 K   0.00000 0.24235 0.24235 0.24235 0.27295 ( 5)  2.125  0.273
  22 K   0.00000 0.33328 0.33328 0.33328 0.00017 ( 2)  1.001  0.000
  23 A   0.00000 0.00015 0.00015 0.00015 0.99955 ( 5)  5.118  1.000
  24 P   0.00000 0.31705 0.31705 0.31705 0.04884 ( 3)  1.201  0.049
  25 E   0.93341 0.02219 0.02219 0.02219 0.00001 ( 1)  0.067  0.000
  26 E   0.00000 0.22215 0.22215 0.22215 0.33356 ( 5)  2.374  0.334
  27 T   0.00000 0.00817 0.00817 0.00817 0.97550 ( 5)  5.019  0.975
  28 C   0.00000 0.33325 0.33325 0.33325 0.00026 ( 2)  1.001  0.000
  29 E   0.00000 0.21499 0.21499 0.21499 0.35503 ( 5)  2.463  0.355
  30 Q   0.00000 0.26770 0.26770 0.26770 0.19689 ( 3)  1.811  0.197
  31 Q   0.00000 0.32788 0.32788 0.32788 0.01636 ( 3)  1.067  0.016
  32 P   0.00000 0.33248 0.33248 0.33248 0.00257 ( 2)  1.011  0.003
  33 S   0.00000 0.02558 0.02558 0.02558 0.92327 ( 5)  4.804  0.923
  34 P   0.00000 0.00026 0.00026 0.00026 0.99922 ( 5)  5.117  0.999
  35 T   0.00000 0.33309 0.33309 0.33309 0.00072 ( 2)  1.003  0.001
  36 L   0.00000 0.33282 0.33282 0.33282 0.00153 ( 2)  1.006  0.002
  37 L   0.00000 0.32382 0.32382 0.32382 0.02854 ( 3)  1.118  0.029
  38 P   0.00000 0.30089 0.30089 0.30089 0.09733 ( 3)  1.401  0.097
  39 L   0.51707 0.15856 0.15856 0.15856 0.00724 ( 1)  0.513  0.007
  40 S   0.00000 0.31198 0.31198 0.31198 0.06407 ( 3)  1.264  0.064
  41 E   0.00000 0.25775 0.25775 0.25775 0.22676 ( 3)  1.934  0.227
  42 S   0.00000 0.00193 0.00193 0.00193 0.99422 ( 5)  5.096  0.994
  43 A   0.00000 0.08837 0.08837 0.08837 0.73488 ( 5)  4.028  0.735
  44 C   0.00000 0.33323 0.33323 0.33323 0.00032 ( 2)  1.001  0.000
  45 G   0.00000 0.29043 0.29043 0.29043 0.12870 ( 3)  1.530  0.129

Positively selected sites

	Prob(w>1)  mean w

     1 P      0.899         4.705
    11 P      0.578         3.381
    13 P      0.976*        5.021
    17 A      0.758         4.124
    20 W      0.960*        4.954
    23 A      1.000**       5.118
    27 T      0.975*        5.019
    33 S      0.923         4.804
    34 P      0.999**       5.117
    42 S      0.994**       5.096
    43 A      0.735         4.028


lnL =  -843.469178

Bayes Empirical Bayes (BEB) probabilities for 11 classes (class) & postmean_w
(amino acids refer to 1st sequence: gu_0_chr7_893669_897617)

   1 P   0.00000 0.00000 0.00000 0.00002 0.00009 0.00034 0.00097 0.00249 0.00636 0.06199 0.92774 (11)  4.721 +-  2.001
   2 T   0.00001 0.00027 0.00164 0.00512 0.01155 0.02161 0.03621 0.05776 0.09547 0.54750 0.22286 (10)  1.512 +-  1.280
   3 G   0.22854 0.12291 0.09799 0.08027 0.06675 0.05656 0.04936 0.04542 0.04714 0.20431 0.00076 ( 1)  0.446 +-  0.350
   4 P   0.25867 0.13429 0.10230 0.08033 0.06437 0.05284 0.04493 0.04054 0.04150 0.17909 0.00114 ( 1)  0.413 +-  0.352
   5 C   0.00000 0.00005 0.00055 0.00233 0.00660 0.01469 0.02829 0.05053 0.09174 0.56455 0.24068 (10)  1.549 +-  1.248
   6 A   0.24916 0.13046 0.10064 0.08003 0.06489 0.05385 0.04625 0.04209 0.04340 0.18805 0.00118 ( 1)  0.425 +-  0.355
   7 A   0.00376 0.01485 0.02941 0.04299 0.05443 0.06396 0.07281 0.08360 0.10431 0.49236 0.03751 (10)  0.877 +-  0.574
   8 A   0.00052 0.00310 0.00856 0.01656 0.02670 0.03873 0.05302 0.07161 0.10295 0.53088 0.14737 (10)  1.275 +-  1.143
   9 L   0.12754 0.07605 0.06966 0.06559 0.06251 0.06045 0.05990 0.06220 0.07225 0.33590 0.00794 (10)  0.610 +-  0.410
  10 D   0.00001 0.00042 0.00232 0.00668 0.01392 0.02423 0.03800 0.05702 0.08923 0.49192 0.27625 (10)  1.795 +-  1.689
  11 P   0.00000 0.00000 0.00005 0.00031 0.00115 0.00315 0.00731 0.01549 0.03319 0.26434 0.67499 (11)  3.405 +-  2.140
  12 L   0.33662 0.16678 0.11630 0.08301 0.06024 0.04471 0.03434 0.02799 0.02594 0.10397 0.00008 ( 1)  0.316 +-  0.302
  13 P   0.00000 0.00000 0.00000 0.00000 0.00001 0.00006 0.00017 0.00048 0.00130 0.01253 0.98544 (11)  5.039 +-  1.860
  14 R   0.00075 0.00385 0.00957 0.01730 0.02675 0.03791 0.05143 0.06954 0.10089 0.53048 0.15152 (10)  1.263 +-  1.079
  15 G   0.00039 0.00461 0.01460 0.02841 0.04363 0.05871 0.07350 0.09000 0.11676 0.54343 0.02596 (10)  0.876 +-  0.421
  16 D   0.00002 0.00062 0.00345 0.00981 0.02017 0.03442 0.05269 0.07676 0.11578 0.59322 0.09306 (10)  1.091 +-  0.764
  17 A   0.00000 0.00000 0.00003 0.00016 0.00058 0.00162 0.00383 0.00827 0.01809 0.14942 0.81800 (11)  4.163 +-  2.172
  18 S   0.00000 0.00005 0.00046 0.00195 0.00555 0.01245 0.02420 0.04372 0.08050 0.51387 0.31725 (10)  1.840 +-  1.518
  19 N   0.00018 0.00241 0.00856 0.01851 0.03141 0.04645 0.06357 0.08462 0.11852 0.57794 0.04782 (10)  0.947 +-  0.515
  20 W   0.00000 0.00000 0.00000 0.00003 0.00009 0.00025 0.00061 0.00137 0.00316 0.02812 0.96636 (11)  4.928 +-  1.903
  21 K   0.00000 0.00013 0.00083 0.00273 0.00651 0.01288 0.02289 0.03878 0.06837 0.43572 0.41116 (10)  2.244 +-  1.829
  22 K   0.03232 0.04638 0.06017 0.06801 0.07182 0.07338 0.07445 0.07744 0.08864 0.40386 0.00352 (10)  0.695 +-  0.313
  23 A   0.00000 0.00000 0.00000 0.00000 0.00000 0.00000 0.00000 0.00001 0.00004 0.00030 0.99964 (11)  5.106 +-  1.808
  24 P   0.00002 0.00068 0.00367 0.01013 0.02030 0.03389 0.05094 0.07318 0.10936 0.56505 0.13278 (10)  1.230 +-  1.030
  25 E   0.27640 0.14359 0.10809 0.08339 0.06531 0.05215 0.04295 0.03737 0.03678 0.15372 0.00024 ( 1)  0.384 +-  0.331
  26 E   0.00000 0.00006 0.00042 0.00154 0.00403 0.00872 0.01680 0.03071 0.05817 0.40300 0.47654 (11)  2.477 +-  1.878
  27 T   0.00000 0.00000 0.00000 0.00000 0.00002 0.00007 0.00020 0.00054 0.00143 0.01397 0.98378 (11)  5.027 +-  1.862
  28 C   0.00463 0.01808 0.03559 0.05135 0.06369 0.07279 0.08000 0.08809 0.10479 0.47496 0.00603 (10)  0.773 +-  0.284
  29 E   0.00000 0.00009 0.00058 0.00196 0.00484 0.00990 0.01821 0.03194 0.05839 0.39327 0.48082 (11)  2.507 +-  1.904
  30 Q   0.00010 0.00127 0.00457 0.01016 0.01786 0.02759 0.03980 0.05637 0.08495 0.46716 0.29017 (10)  1.812 +-  1.664
  31 Q   0.00104 0.00524 0.01269 0.02230 0.03342 0.04587 0.06016 0.07852 0.10978 0.55137 0.07961 (10)  1.026 +-  0.717
  32 P   0.00686 0.02441 0.04447 0.05991 0.06996 0.07590 0.07983 0.08484 0.09831 0.44574 0.00978 (10)  0.762 +-  0.351
  33 S   0.00000 0.00000 0.00001 0.00004 0.00015 0.00043 0.00104 0.00232 0.00520 0.04290 0.94792 (11)  4.860 +-  1.980
  34 P   0.00000 0.00000 0.00000 0.00000 0.00000 0.00000 0.00001 0.00002 0.00007 0.00052 0.99938 (11)  5.105 +-  1.809
  35 T   0.00422 0.01686 0.03373 0.04936 0.06197 0.07159 0.07943 0.08821 0.10575 0.48085 0.00803 (10)  0.783 +-  0.303
  36 L   0.00551 0.02062 0.03914 0.05472 0.06606 0.07379 0.07961 0.08644 0.10189 0.46308 0.00913 (10)  0.773 +-  0.329
  37 L   0.00002 0.00069 0.00374 0.01041 0.02096 0.03510 0.05284 0.07591 0.11324 0.57989 0.10720 (10)  1.137 +-  0.861
  38 P   0.00001 0.00029 0.00173 0.00534 0.01188 0.02197 0.03646 0.05763 0.09453 0.54035 0.22982 (10)  1.538 +-  1.311
  39 L   0.10053 0.06203 0.05921 0.05811 0.05774 0.05820 0.06007 0.06495 0.07847 0.37457 0.02610 (10)  0.708 +-  0.581
  40 S   0.00012 0.00165 0.00595 0.01315 0.02293 0.03506 0.04992 0.06955 0.10268 0.54038 0.15861 (10)  1.298 +-  1.112
  41 E   0.00000 0.00004 0.00041 0.00175 0.00492 0.01097 0.02125 0.03841 0.07109 0.46670 0.38445 (10)  2.096 +-  1.681
  42 S   0.00000 0.00000 0.00000 0.00000 0.00000 0.00001 0.00005 0.00013 0.00034 0.00320 0.99626 (11)  5.090 +-  1.820
  43 A   0.00000 0.00002 0.00016 0.00057 0.00148 0.00321 0.00624 0.01157 0.02244 0.16679 0.78751 (11)  4.024 +-  2.209
  44 C   0.00456 0.01789 0.03532 0.05109 0.06350 0.07269 0.08000 0.08816 0.10495 0.47564 0.00620 (10)  0.775 +-  0.286
  45 G   0.00045 0.00242 0.00634 0.01206 0.01958 0.02913 0.04143 0.05870 0.08930 0.49824 0.24235 (10)  1.574 +-  1.382

Positively selected sites

	Prob(w>1)  mean w

     1 P      0.928         4.721 +- 2.001
    11 P      0.675         3.405 +- 2.140
    13 P      0.985*        5.039 +- 1.860
    17 A      0.818         4.163 +- 2.172
    20 W      0.966*        4.928 +- 1.903
    23 A      1.000**       5.106 +- 1.808
    27 T      0.984*        5.027 +- 1.862
    33 S      0.948         4.860 +- 1.980
    34 P      0.999**       5.105 +- 1.809
    42 S      0.996**       5.090 +- 1.820
    43 A      0.788         4.024 +- 2.209
